Regular30

	
							Strongest Coordination 		Coordination 	Restricted coordination   Losing coordination   	Random
	Strongest Coordination            0.0261904762  	0.400000000               	0.1206349           	0.3115079 		0.14166667
	Coordination                      0.0858191155  	0.152391775               	0.4056971           	0.2794035 		0.07668852
	Restricted coordination           0.0007995110  	0.009057496               	0.4261231           	0.5099153 		0.05410460
	Losing coordination               0.0001869657  	0.005051650               	0.3060127           	0.5960470 		0.09270161
	Random                            0.0000000000  	0.006518099               	0.2636449           	0.5621790 		0.16765804

first
3,2,3,2,2,2,2,2,2,2,3,2,2,2,2,2,2,2,3,3,2,2,2,2,3,2,3,3,2,2,
last
3,2,3,3,3,2,3,3,3,4,2,3,4,3,2,3,3,3,3,4,2,3,3,2,3,4,3,2,3,2,


RING



		                        Strongest Coordination 	Coordination  Restricted coordination 	Losing coordination 	  Random
	Strongest Coordination                    	0.11     	    0.43                 0.29                	   0.17   		0.00
	Coordination                              	0.06     	    0.24                 0.47                	   0.22 		0.01
	Restricted coordination                   	0.01     	    0.10                 0.42                	   0.45   		0.02
	Losing coordination                       	0.00     	    0.02                 0.30                	   0.64   		0.04
	Random                                    	0.00     	    0.01                 0.25                      0.71   		0.03


3,3,2,3,3,3,3,3,3,3,4,3,3,3,3,3,3,3,3,3,3,3,3,2,4,3,3,2,3,3,
last
1,2,3,1,1,1,2,2,2,0,1,1,1,2,1,1,2,2,0,2,2,1,2,2,1,2,0,2,1,2,


GLOBAL/REGULAR50




		                    Strongest Coordination    Coordination  Restricted coordination   Losing coordination     	Random
	Strongest Coordination              0.26938526   	0.23785875                0.2205208             0.2457792 	0.02645593
	Coordination                        0.01773578   	0.15020180                0.3335391             0.4847309 	0.01379238
	Restricted coordination             0.01291840  	0.11324438                0.2664498             0.5960569 	0.01133052
	Losing coordination                 0.01459104   	0.09594181                0.1913341             0.6556180 	0.04251506
	Random                              0.01755367   	0.05747113                0.1661225             0.6065603 	0.15229240



2,3,2,2,2,3,2,3,3,2,3,3,3,2,3,2,2,3,2,2,3,2,3,2,2,3,2,3,3,3,
last
2,3,2,3,1,3,1,1,2,3,3,2,1,3,3,3,3,3,3,3,3,3,3,4,3,3,3,3,3,3,




SECOND regular30



							Strongest Coordination 	   Coordination 	Losing coordination     	 Random
	Strongest Coordination             0.809265473  	0.132338903  	         0.05839562 	0.000000000
	Coordination                       0.185028051  	0.338470835   	         0.47497128     0.001529832
	Losing coordination                0.016789767  	0.054656171    	         0.78865190     0.139902161
	Random                             0.003347097  	0.001807225    	         0.12399253     0.870853152


	global second





				                       	Strongest Coordination 	   Coordination 	Losing coordination    	   Random
			Strongest Coordination             		0.83846542 	 	0.107069901         	 0.05446468 	0.0000000
			Coordination                      	 	0.20024302  	0.334036793         	 0.46572019 	0.0000000
			Losing coordination                		0.02903269  	0.052764577         	 0.85609023 	0.0621125
			Random                             		0.01104199  	0.004586512         	 0.22853309 	0.7558384



ring second





			                       Strongest Coordination 		Coordination 	Losing coordination       	  Random
			Strongest Coordination             0.49329451 		0.4539636732         	0.05274182 		0.0000000000
			Coordination                       0.09479945 		0.6726753152          	0.23234480 		0.0001804302
			Losing coordination                0.01416098 		0.2624337390          	0.67385065 		0.0495546366
			Random                             0.00000000 		0.0008440171          	0.27730783 		0.7218481486




			
